0.00704612  0.000821973  -0.0020552  -0.134442  -0.00152333  -0.254803  
0.00665339  0.0013825  -0.00211757  -0.141607  0.00304843  -0.24814  
0.00729665  0.00192527  -0.00236771  -0.172318  -0.0982579  -0.132174  
0.00580804  0.00182489  -0.00192146  -0.16739  -0.226104  -0.13293  
0.00397406  0.00188877  -0.00192146  -0.133948  -0.225795  -0.177406  
0.00332828  0.00151277  -0.0016056  -0.115285  -0.209055  -0.15978  
0.00345446  0.00141428  -0.00154361  -0.11527  -0.181761  -0.159702  
0.00327127  0.0012594  -0.0015942  -0.103364  -0.151226  -0.134219  
0.00307928  0.00109125  -0.00154972  -0.115267  -0.123907  -0.107433  
0.00337379  0.000585243  -0.0014108  -0.0972826  -0.177873  -0.123594  
0.00222537  0.00103576  -0.00156591  -0.0983466  -0.121161  -0.134515  
0.00304644  0.000990099  -0.0012568  -0.0843921  -0.194051  -0.127681  
0.00265562  0.000990099  -0.00111226  -0.0812636  -0.0891971  -0.107472  
0.0022623  0.000263608  -0.00111226  -0.0639917  -0.154068  -0.0757108  
0.00147928  0.000263608  -0.00111226  -0.0567103  -0.0706991  -0.0654281  
0.00270739  0.000498534  -0.000769538  -0.0568007  -0.135133  -0.0821735  
0.0018017  0.000510004  -0.00111226  -0.0567056  -0.0870145  -0.0715267  
0.00128563  0.000263608  -0.00111226  -0.0567103  -0.129549  -0.0695239  
0.00153993  0.000263608  -0.000985723  -0.0567387  -0.136352  -0.0905037  
0.000942288  0.000374431  -0.00111226  -0.0567052  -0.0646902  -0.100636  
0.00158499  0.000760278  -0.00111226  -0.0508837  -0.137646  -0.0767861  
0.000663992  0.000587547  -0.00111226  -0.0328885  -0.084064  -0.076885  
0.0012777  0.000678612  -0.000688115  -0.0329696  -0.129186  -0.0767635  
0.000914395  0.000481375  -0.00111226  -0.0328896  -0.0758094  -0.0512505  
0.0010042  0.000581056  -0.000917376  -0.0382147  -0.106078  -0.0512293  
0.00124047  0.00031602  -0.000612787  -0.0329811  -0.0999083  -0.0760353  
0.000887191  0.000487875  -0.000651934  -0.0166191  -0.0960897  -0.0647424  
0.000732483  0.00031602  -0.00048766  -0.0113583  -0.0759027  -0.0472477  
0.000663992  0.00031602  -0.000291545  -0.016674  -0.114485  -0.0504203  
0.000228513  0.000461247  -0.000314597  -0.0166852  -0.0694298  -0.0543524  
0.000987923  0.000583265  -0.000314597  -0.0112066  -0.112793  -0.0658111  
0.00018874  0.000518719  -0.000314597  0.00104766  -0.0645107  -0.084181  
0.00102008  0.000742655  -0.000314597  -0.0166727  -0.120891  -0.0747558  
0.000557811  0.000317483  -0.000314597  0.0266629  -0.0397222  -0.0873912  
0.00118545  9.30289e-05  1.87589e-05  0.0166142  -0.113874  -0.0334044  
-4.37665e-05  0.000239931  -0.000138939  0.0166037  -0.060354  -0.0382625  
0.000257376  0.00029833  4.92096e-05  0.0293339  -0.11642  0.00269876  
-0.000733374  9.30289e-05  8.24251e-05  0.0165833  -0.0713048  -0.0149228  
0.000260586  6.12871e-05  0.000152211  0.0165561  -0.12223  -0.0147709  
-0.000692909  7.54155e-05  -2.20386e-06  0.0258426  -0.0880522  -0.0301285  
0.000316555  7.54155e-05  0.000167752  0.0298479  -0.107134  -0.0147379  
-7.52321e-05  -2.24404e-05  0.000194795  0.0325063  -0.0846093  -0.0212609  
-0.000610027  -0.000201365  0.000261315  0.0393916  -0.0886125  -0.0148656  
-7.61482e-05  -1.7091e-05  0.0003513  0.0324973  -0.103723  -0.045021  
-0.000610027  -1.7091e-05  0.000310389  0.0325237  -0.0838481  -0.0268227  
4.2317e-05  -1.70911e-05  0.000561805  0.0324933  -0.102606  -0.0208317  
-0.000742455  -1.7091e-05  0.000320611  0.0425364  -0.0841783  0.0105002  
-0.000742455  -1.7091e-05  0.000400092  0.0325308  -0.113183  0.0281368  
-0.00111214  -1.70911e-05  0.000400092  0.0325308  -0.0646407  0.0281273  
-0.000742455  -0.000166683  0.000400092  0.032533  -0.0899962  0.0470582  
-0.0013437  -1.70911e-05  0.000400092  0.0350366  -0.0698288  0.0131107  
-0.000560102  -1.70911e-05  0.000400092  0.0173023  -0.134243  -0.00863641  
-0.000748754  -0.000267091  0.000400092  0.0325417  -0.0396652  0.0154955  
-9.81291e-05  -1.70911e-05  0.000458609  0.0281921  -0.117617  0.0358335  
-0.000661398  4.99155e-05  0.000400092  0.0111882  -0.0388202  0.0456741  
-0.000739359  0.000167111  0.000276631  0.0111987  -0.0946085  0.0768758  
-0.0013987  -1.01129e-05  0.000422266  0.0111577  -0.048841  0.0505555  
-0.00065336  0.00015163  0.000199494  0.0211489  -0.080996  0.0615095  
-0.0013987  -0.000260113  0.000535381  0.0111537  -0.05089  0.0614674  
-0.000677513  -5.42726e-05  0.000197701  0.011158  -0.0845591  0.0615452  
-0.00121537  -0.000411149  0.000197701  0.0111674  -0.0465881  0.0615178  
-0.00102286  -0.000411149  0.000197701  0.0111674  -0.0673006  0.0615242  
-0.000661359  4.17e-07  0.000197701  0.00265217  -0.0467001  0.0790872  
-0.000866348  -0.000411149  0.000197701  -0.00650537  -0.0101113  0.061528  
-0.000356867  6.48242e-05  0.000375922  -0.00572429  -0.0466914  0.0615438  
-0.000788935  -0.000337659  0.000197701  -0.00587422  0.0151648  0.0715324  
-0.000732097  -0.000411149  0.000197701  0.0111674  -0.0607951  0.0615304  
-0.00104246  0.000113531  0.000197701  -0.00605701  -0.034021  0.0237741  
-0.000657751  0.000113531  0.000197701  -0.00605701  -0.0640901  0.0424799  
-0.000627929  0.000113531  0.000197701  -0.00605701  0.0136711  0.0670688  
-0.000543927  -2.07891e-05  -1.09304e-05  -0.00605811  -0.0400019  0.0670647  
-0.00118224  0.000113531  0.000428464  -0.00606232  0.00994756  0.067086  
-0.000485404  0.000113531  0.00018054  -0.00607387  -0.0653206  0.0255073  
-0.00118224  -0.000343685  8.52235e-05  0.00129518  0.00976062  0.0184129  
7.58013e-05  -1.28884e-05  0.000341257  0.000151652  -0.0362203  0.0309659  
-0.000388475  -0.000345178  0.00054822  -0.00317378  0.00497588  0.0309723  
-0.000388475  -0.000776595  0.000108497  -0.00317796  0.0397101  0.0409764  
8.44493e-05  -0.000345178  0.000624155  -0.00548182  -0.0095894  0.0217537  
-3.29803e-05  -0.000143791  -5.41222e-05  -0.0209519  0.0655091  0.0309376  
0.00106658  -0.000345178  0.000213308  -0.0209406  0.0130962  -0.00073752  
0.000650489  -0.000345178  -0.000106709  -0.0209855  0.0779457  0.00308057  
0.0010599  -0.000345178  -0.000106709  -0.0176094  0.00697195  -0.000724653  
0.000830794  -0.000234984  -0.000106709  -0.0209862  0.0742237  -0.000716835  
0.00089258  -0.000345178  0.000360704  -0.0039141  0.0313768  -0.0364877  
0.00058106  -0.000823414  0.000173338  -0.00392493  0.0761442  -0.0171067  
0.0012792  -0.000345178  0.000557057  -0.00720445  0.0517901  -0.017113  
0.00183263  -0.000345178  0.000763188  0.00474174  0.0349222  -0.0247621  
0.000442027  -0.000595178  0.000502743  0.00862721  0.0914806  -0.00735928  
0.00149526  -0.000345178  0.000776384  0.0221105  0.0226113  -0.018351  
0.000606736  -0.000658714  0.00039403  0.0131929  0.0907428  -0.00578447  
0.00127771  -0.00093268  0.00039403  0.0131863  0.0349862  0.00710244  
0.000634589  -0.00093268  0.00039403  0.0131863  0.0706862  -0.00121309  
0.00112901  -0.00093268  0.00039403  0.0131863  0.0335671  -0.0341348  
0.000823303  -0.000352142  0.00039403  0.00499806  0.0843209  -0.016281  
0.000909976  -0.000279712  0.00039403  0.0131798  0.0508162  -0.0162909  
0.000535675  -0.000883714  0.00039403  0.0131905  0.0764197  0.00254476  
0.00165491  -0.000689  0.00039403  0.0131871  0.0138525  -0.0216623  
0.000490138  -0.000939001  0.00039403  0.0104049  0.093018  0.015953  
0.00154954  -0.000689  0.00039403  0.0131871  0.00728813  0.00206929  
0.000476329  -0.000828076  0.00039403  0.0131913  0.0829659  0.0175007  
0.00130877  -0.000689  0.00064403  0.0131943  0.0442452  -0.00491214  
0.00091238  -0.000689  0.000218186  0.0103773  0.0797112  0.0355448  
0.000534485  -0.000689001  0.00039403  0.0131871  0.076041  0.0170984  
0.00114657  -0.000689  0.00039403  0.0131871  0.0513685  -0.00927036  
0.000613457  -0.000689001  0.00039403  0.0131871  0.0968249  -0.00922738  
0.00145426  -0.000939001  0.00039403  0.0131876  0.0426528  -0.00926611  
0.000694141  -0.000689001  0.00039403  0.020587  0.0821543  -0.0257327  
0.00149903  -0.000689  0.00039403  0.0228722  0.0287215  -0.0200547  
0.0006488  -0.00101533  0.000218842  0.0247311  0.11313  0.00458727  
0.00183371  -0.000689001  0.00064403  0.0316725  0.047745  -0.0238349  
0.000855518  -0.000689001  0.00039403  0.0390223  0.10589  -0.0059401  
0.0016408  -0.000689001  0.000699385  0.0347372  0.0271112  -0.0359207  
0.00107773  -0.000689001  0.000213552  0.0346679  0.112684  -0.0358569  
0.00177161  -0.000564231  0.000683903  0.0246939  0.0396481  -0.0432383  
0.000536173  -0.000688714  0.000374399  0.0404715  0.108751  -0.0335321  
0.00165641  -0.000688651  0.000785951  0.0294867  0.0387766  -0.036008  
0.000906736  -0.000688651  0.000129391  0.0246294  0.118411  -0.024419  
0.00182387  -0.000688651  0.00040926  0.0246414  0.0455673  -0.0386549  
0.000880603  -0.000688651  0.000235821  0.0245955  0.102712  -0.0161202  
0.00147626  -0.000688651  0.000795442  0.024643  0.0600835  -0.0161701  
0.000871317  -0.000688651  0.000320255  0.0246066  0.133513  -0.0161229  
0.00192764  -0.000688651  0.000702434  0.024619  0.0612744  -0.0385337  
0.000938963  -0.000688651  0.000237272  0.0245956  0.116457  -0.0160614  
0.00160148  -0.00106062  0.000636776  0.0336654  0.0504726  -0.0225809  
0.00118924  -0.000688651  0.000252707  0.0245958  0.105573  -0.0382142  
0.0019493  -0.000688651  0.000837265  0.0437531  0.062716  -0.0343865  
0.000946772  -0.00109922  0.000402745  0.0436973  0.111445  -0.0267123  
0.00153897  -0.000688651  0.000386626  0.0437229  0.0574074  -0.0187892  
0.00127336  -0.000893216  0.000314906  0.0436906  0.11728  -0.0579744  
0.00179195  -0.000688651  0.000405283  0.0272427  0.0656938  -0.0143186  
0.00185967  -0.00041001  0.000410079  0.0613524  0.0501088  -0.122246  
0.00127336  -0.00110253  0.00036427  0.031864  0.0836381  0.0694669  
0.000301263  -0.000878569  0.000248397  0.031845  0.125208  0.0958727  
0.000249757  -0.00104352  0.00036427  0.0130636  0.0875484  0.122559  
8.64272e-05  -0.00109365  0  0.0206521  0.15385  0.129315  
