0.00169401  -0.000939804  0.000287275  0.106227  -0.0750272  -0.307564  
0.00117928  -0.00107181  0.000152912  0.0950887  -0.0115784  -0.230294  
0.00125753  -0.00107181  0.000177158  0.0973251  -0.0861096  -0.230254  
0.000922059  -0.00094642  6.59845e-05  0.0765747  0.0372066  -0.209735  
0.00115674  -0.000848395  0.000171531  0.0875306  -0.0738433  -0.220774  
0.000680753  -0.0006733  1.90567e-05  0.0696264  -0.0283662  -0.201507  
0.0011786  -0.000500628  -0.000131162  0.0725832  -0.0738501  -0.228008  
0.00154104  -0.000443937  -0.000131162  0.0529095  0.0440035  -0.162363  
0.0021126  -0.000813531  -0.000131162  0.052961  0.147547  -0.196503  
0.00142979  -0.000722083  -0.000131162  0.0448496  0.137555  -0.162496  
0.00128122  -0.000784547  -0.000131162  0.044825  0.0759107  -0.206713  
0.000585507  -0.000654625  -0.000131162  0.0614144  0.0932566  -0.201984  
0.000785096  -0.000634109  -0.000131162  0.0640634  0.0458631  -0.208844  
0.000346194  -0.000635796  -0.000198781  0.0448474  0.0723302  -0.159167  
0.000940111  -0.000786307  -0.000131162  0.0448161  -0.0146678  -0.14771  
0.000149868  -0.000510019  -0.000131162  0.0448463  0.0654074  -0.141162  
0.000946896  -0.000557991  -0.000131162  0.0672192  -0.0117837  -0.143158  
0.000327685  -0.000295406  -0.000131162  0.0643484  0.0344812  -0.149188  
0.00060417  -0.000235888  -0.000131162  0.0603986  -0.0648856  -0.117317  
-0.000423509  -0.00052001  -0.000131162  0.098954  -0.0255663  -0.117382  
0.000341123  -0.000595318  4.81185e-05  0.0873546  -0.0949142  -0.0908247  
-0.000199502  -0.000598392  -0.000131162  0.0868181  -0.0544433  -0.104776  
0.000243463  -0.000631627  4.36854e-05  0.0867981  -0.111283  -0.106194  
-0.000321795  -0.000509661  2.44138e-05  0.0868122  -0.0498279  -0.12202  
0.000120929  -0.000559093  5.83315e-06  0.0796983  -0.138267  -0.106492  
-0.00025564  -0.000559093  -0.000131162  0.0868136  -0.0424627  -0.0949138  
0.000111467  -0.000559093  9.13026e-05  0.0799495  -0.148459  -0.0628369  
-0.000337672  -0.000516311  6.66398e-05  0.0927162  -0.0908749  -0.0846426  
0.000510725  -0.000469474  0.000261586  0.0867774  -0.0976862  -0.0899616  
2.62704e-05  -0.000455678  0.00015286  0.0868124  -0.0419632  -0.100626  
0.000612672  -0.000553903  5.19367e-05  0.0785013  -0.0918826  -0.082371  
-8.43303e-05  -0.000316122  5.93009e-05  0.0868339  -0.0320288  -0.0751222  
0.00065156  -0.000182508  0.000202761  0.0671048  -0.0890562  -0.0734173  
0.000104838  -0.000433678  -3.29141e-06  0.0688821  -0.0344191  -0.076751  
0.000724838  -0.000594359  0.000136427  0.0608742  -0.094399  -0.0823489  
0.000334478  -0.000524191  0.000163961  0.0606629  -0.0592149  -0.07252  
0.00061708  -0.000524191  0.000213776  0.067691  -0.081046  -0.0776713  
1.30685e-05  -0.000524191  -0.000131162  0.0677122  -0.0639679  -0.0697861  
0.00033219  -0.000422456  6.23419e-05  0.0677166  -0.0725303  -0.0978559  
-0.000120546  -0.000238025  -0.000131162  0.050616  -0.0485265  -0.0861421  
0.000459746  -0.000283941  -0.000131162  0.0494842  -0.0485561  -0.0732655  
0.000310855  -0.000283941  -0.000131162  0.0552295  -0.0377715  -0.0757874  
0.000585879  -0.000283941  -0.000131162  0.0429992  -0.0486096  -0.114863  
0.000502081  8.44586e-05  -0.000131162  0.0397425  -0.00643757  -0.0757667  
0.000838073  5.53779e-05  -0.000131162  0.0339039  -0.0679805  -0.075694  
0.000649492  -7.90033e-05  -0.00020358  0.0290089  -0.00865401  -0.0857045  
0.000405717  0.000242102  -0.000381162  0.0105035  -0.0670128  -0.112935  
0.000222281  5.53779e-05  0.000279654  0.0368198  -0.0107091  -0.131419  
0.000508965  5.53779e-05  0.000167805  0.0397319  -0.0469475  -0.133445  
0.000450141  0.000216691  0.000312057  0.0397455  -0.0193076  -0.121194  
0.000908928  5.53779e-05  -0.000461523  0.0132643  -0.0816428  -0.0266206  
0.000361085  -0.000412716  -0.000648767  -0.00262118  -0.0816454  -0.0466688  
0.00164833  5.44342e-05  -0.000513788  0.0132852  -0.0483815  -0.0466048  
0.00134205  -0.000191725  0.000167704  0.0212492  0.0725429  -0.0919034  
0.00117438  0.00021666  0.000419464  0.0277132  0.0120043  -0.0799639  
0.000486687  0.000759799  0.000419464  0.0245963  0.0785604  -0.103058  
0.00112721  0.000555187  0.000419464  -0.00585989  0.0920274  -0.0531743  
0.000669378  0.000133528  0.000419464  -0.0185385  0.134932  -0.0531158  
0.000952681  0.000133528  0.000887601  -0.0224917  0.0801274  -0.0656959  
0.000163357  0.000372662  0.000467814  0.0052394  0.120439  -0.116451  
0.000462459  0.000350003  0.000887602  0.0160018  0.0634162  -0.0586422  
-0.000627281  0.000133528  0.000887601  0.0438036  0.0421334  -0.0323161  
-0.00045514  0.000423728  0.000887601  0.0324078  -0.0593825  -0.0144531  
-0.000828633  0.000461004  0.000887601  0.0356308  0.0119212  -0.0222906  
0.000176134  0.000779177  0.000887602  0.0159973  -0.0333045  -0.0123315  
-5.32568e-05  0.000133528  0.000474659  0.029348  0.0305641  -0.0389666  
0.00010579  0.000133528  0.000674677  0.0325374  -0.0777964  -0.0581042  
-0.000754423  0.000133528  0.000183659  -0.0264734  -0.0324797  0.00555636  
-0.000535945  0.000522023  0.000183659  -0.0460021  -0.0739028  0.0590094  
-0.000371922  0.000636395  0.000183659  -0.0590259  -0.0838956  0.0384384  
-0.000535945  0.000577621  0.000183659  -0.056002  -0.101079  0.0278743  
-0.000922581  0.000716053  0.00042078  -0.0395721  -0.121355  0.0920635  
-0.000942869  9.10817e-05  0.000183659  -0.029766  -0.121367  0.0448265  
-0.0013784  0.000220031  0.000122782  -0.0310273  -0.0958873  0.0300751  
-0.0011693  0.000525663  0.000102831  -0.0300108  -0.135482  0.0220497  
-0.00125401  0.000509409  0.000124295  -0.0393592  -0.0989842  0.0647844  
-0.000453524  0.000509409  0.000123655  -0.0320284  -0.0585575  0.0448464  
-0.000212641  0.000509409  0.000183659  -0.0284583  -0.0315875  0.0491044  
-0.000357886  0.000980332  0.000183659  -0.011732  -0.0627446  -0.0114309  
-0.000638268  0.000363911  -0.000300398  0.00776065  -0.0509406  0.0673456  
-2.64326e-05  0.000509409  -0.000248274  -0.0117262  -0.0771971  0.0815366  
-0.000165904  0.000509409  -0.000498274  -0.0217132  -0.0100595  0.114321  
0.000417902  0.000522851  7.45307e-05  -0.0279891  -0.0592111  0.0567409  
-0.000606158  0.000675505  -0.000248274  -0.0117237  -0.0084703  0.00979871  
-0.000122168  0.000809054  -0.000184869  -0.0117384  -0.0403171  0.00979787  
-0.00101955  0.000207808  -0.000224208  -0.0117135  -0.00194793  0.0359947  
-0.00027161  0.000207808  -0.000639177  -0.0116911  -0.0778228  0.0703798  
-0.000407815  0.000292805  -0.000815003  -0.0117222  -0.0219037  0.068245  
-1.80042e-06  0.000450977  -0.000658522  -0.0418698  -0.0538639  0.0638698  
-0.0002518  0.000684447  -0.000658522  -0.0418565  -0.0180921  0.0150019  
-1.80042e-06  0.000417673  -0.000658522  -0.0601652  -0.0153186  0.0437755  
-0.000204228  0.000523323  -0.000658522  -0.0601741  -0.0195749  0.0213719  
-1.80042e-06  0.000523323  -0.000467389  -0.0758  -0.0524097  0.0750994  
-1.80042e-06  1.89606e-05  -0.000530777  -0.0601494  -0.0468577  0.0576636  
-0.000243391  1.89606e-05  -0.000658523  -0.0658249  -0.0325541  0.0626588  
7.83093e-05  1.89606e-05  -0.000433406  -0.0601651  -0.0617123  0.0241013  
0.000194871  0.000572761  -0.000658522  -0.0884745  0.0166079  0.0576334  
0.000298145  0.00045739  -0.000462389  -0.0732754  -0.0597202  0.0291905  
-0.000501411  0.000444909  -0.000658522  -0.0654677  -0.0480633  0.0770828  
0.000349288  0.000572761  -0.000477767  -0.0618862  -0.114265  0.110592  
0.000378402  0.000406031  -0.000658522  -0.0375454  0.0110252  0.0599548  
0.000723136  0.000257398  -0.000510077  -0.0666805  -0.0132298  0.122556  
-9.1954e-05  0.000722479  -0.000301095  -0.0530741  0.0667186  0.102357  
0.00020101  0.000572761  -0.000155789  -0.035476  -0.0702781  0.122646  
1.79315e-05  0.000694903  -0.000235382  0.00351307  0.0587969  0.10081  
0.0011291  0.000572761  0.000280727  -0.0106311  0.0442614  0.106579  
0.000491956  0.000572761  -0.000262472  -0.0281427  0.0996306  0.075019  
0.000601374  0.000572761  -0.000322246  -0.0381472  0.0491929  0.105675  
0.000409274  0.000522583  -0.000259857  -0.0281383  0.105524  0.0687065  
0.000609168  0.000485439  -0.000322246  -0.0281403  0.0783857  0.0873288  
0.000654502  0.000572761  -0.000322246  -0.0190815  0.0783891  0.0941547  
0.000695472  0.000572761  -0.000322246  -0.0281472  0.0879992  0.128468  
0.00139264  0.000572761  -0.000322246  -0.0281472  0.095205  0.0931571  
0.00114473  0.000572761  -0.00092555  -0.0282046  0.136211  0.10573  
0.00184232  0.000627598  -0.000773101  -0.0489196  0.136244  0.078162  
0.00140694  0.0010228  -0.000825528  -0.0663533  0.174831  0.0851105  
0.00153173  0.0011202  -0.00092555  -0.0663994  0.133634  0.11589  
0.00108967  0.000634721  -0.000982396  -0.0663655  0.173459  0.151425  
0.00185196  0.000673172  -0.000692242  -0.0590128  0.12228  0.151381  
0.00112611  0.000981956  -0.00060771  -0.0339897  0.177871  0.0982924  
0.00121142  0.00101833  -0.00092555  -0.0324317  0.133621  0.0982873  
0.000658527  0.00115423  -0.000603509  -0.0118134  0.165833  0.0671559  
0.00135633  0.00100852  -0.00092555  -0.0347837  0.146351  0.0983016  
0.000981185  0.000914904  -0.000584306  -0.0156413  0.146319  0.0897444  
0.00150001  0.000572761  -0.000293986  0.0212046  0.243331  0.0982229  
0.00259175  0.000583298  -0.000221032  0.0452358  0.319106  0.0533577  
0.00264016  0.000590051  -5.97459e-05  0.0318107  0.310639  0.0640613  
0.00201449  0.000166255  0.000132372  0.0482615  0.28093  0.120544  
0.000508454  0.000166255  -0.000221032  0.0142388  0.218582  0.120946  
0.00137194  0.000547213  -0.000221032  0.0142242  0.299333  0.0408591  
0.00151091  0.000166255  -0.000221032  -0.0189481  0.239264  0.120712  
0.000207346  0.000570467  -0.000221032  -0.023386  0.302714  0.149321  
0.000949753  0.000166255  0.00015215  -0.0366347  0.231968  0.117563  
0.000146167  0.000675949  -8.57529e-05  -0.00766662  0.312987  0.0959745  
0.000946794  0.000422292  0.000452344  0.000103273  0.27263  0.0737128  
