0.000485523  0.000443633  0  -0.0242273  -0.0677907  0.0237834  
0.000443545  -8.8744e-06  0  -0.0199762  -0.0677918  0.0437752  
0.000153775  -0.000109102  -5.10502e-05  -0.0238416  -0.0678129  0.0651391  
0.00013601  -8.8744e-06  0  -0.0238504  -0.0678166  0.0795489  
0.000596271  -8.8744e-06  0  -0.0238504  -0.0677865  0.0880081  
9.36677e-05  -0.000167497  0  -0.0238402  -0.0678183  0.0845174  
0.000470204  -8.8744e-06  -1.65436e-24  -0.030705  -0.0678039  0.0611592  
0.00045013  -9.29911e-05  0  -0.0238436  -0.0731082  0.105942  
0.000330852  -0.00017717  -6.61744e-24  -0.0338384  -0.0678257  0.103376  
0.000566327  -0.000189916  1.32349e-23  -0.023832  -0.0856386  0.112599  
-5.0832e-05  -8.8744e-06  0  -0.0238504  -0.06307  0.0633655  
0.000368703  -8.8744e-06  -0.00017029  -0.0238363  -0.0856626  0.0879004  
-0.00019097  -0.000230463  0  -0.0238347  -0.0623309  0.0553488  
0.000252088  -8.8744e-06  0  -0.0238504  -0.0856488  0.102159  
2.22155e-05  -0.000523024  0  -0.0238016  -0.0796698  0.0956834  
7.49814e-05  -0.000523024  -0.000119617  -0.0258284  -0.085674  0.111288  
0.000708852  -0.000422324  -9.30842e-05  -0.0237988  -0.085632  0.0891043  
-0.000114873  -0.000170736  -0.000216025  -0.0272656  -0.0604344  0.120233  
8.58322e-05  -6.99386e-05  -0.000200953  -0.0282585  -0.0856944  0.0974466  
7.62131e-05  -5.48933e-05  0  -0.0238349  -0.0458633  0.114729  
0.000520864  7.71944e-05  0  -0.0311287  -0.0725012  0.154861  
1.29454e-05  7.71944e-05  -0.000186867  -0.0282779  -0.0458871  0.157859  
0.000851912  1.41404e-05  0  -0.028724  -0.0737965  0.151251  
0.000300161  7.71944e-05  0  -0.0397917  -0.0464118  0.109643  
0.0007786  0.000274779  0  -0.0238683  -0.0768915  0.133619  
0.000110058  0.000514335  0  -0.0294741  -0.0276296  0.112488  
0.000851402  0.000514335  0  -0.0238914  -0.0638114  0.139773  
3.77572e-05  0.00040576  0  -0.0238821  -0.0176188  0.118482  
0.000744215  9.14934e-05  0  -0.0238621  -0.0621637  0.123153  
-0.00035666  9.30652e-05  -0.000410453  -0.0338369  -0.0153927  0.0603059  
0.000649055  -9.22771e-05  0  -0.0238565  -0.07714  0.0582731  
-0.000211525  3.93017e-05  -0.00051214  -0.023861  -0.0318426  0.0552724  
0.000694721  -0.000162396  -0.000327536  -0.0238289  -0.0592119  0.0700836  
0.000436246  0.000103755  -0.000126961  -0.0140197  -0.0495072  0.017066  
0.000612301  9.65977e-05  0  -0.0172917  -0.0625212  0.05142  
-0.00068287  0.000346598  0  -0.0238565  -0.0205932  0.0132757  
0.000555183  -0.000106702  0  -0.0106951  -0.0683373  0.016529  
-6.77272e-05  -5.0315e-05  0  -0.0238557  -0.00806496  0.0231206  
0.000456279  -0.000335586  -7.83938e-05  -0.0238383  -0.0660968  0.0668217  
-0.000550677  -0.000335586  0  -0.0145542  -0.031513  0.0195741  
0.000401155  -5.74162e-05  3.30872e-24  -0.0142282  -0.0670379  0.0366613  
-0.000115028  0.000135672  0  -0.0238538  -0.013098  0.0247914  
0.000661295  0.000135672  -9.81211e-05  -0.00299905  -0.0412044  0.0096343  
0.00037235  7.38713e-05  -0.000174379  -0.0238474  0.00970069  0.0248433  
0.000802936  -2.18196e-05  -9.95295e-05  -0.00803547  -0.0545312  0.0248941  
-2.08874e-05  0.000135672  -0.00019068  -0.0238501  -0.0137701  -0.011169  
0.000523707  0.000135672  0  -0.0141969  -0.0501691  0.00357295  
0.000559161  0.000135672  0  -0.00466812  0.013779  -0.029505  
0.000918934  -0.000100988  -0.00020638  -0.0279556  -0.045427  0.0183505  
0.000323574  8.55524e-05  0  -0.0196491  -0.00278862  0.034396  
0.00111205  0.000195108  0.000301232  -0.0239047  -0.0415623  0.0155668  
0.000386222  0.000195108  0.000339582  -0.0239004  -0.0278362  0.0505227  
0.000796033  0.000198874  0.000348705  -0.0128516  0.019814  0.0128075  
0.000583692  0.00017244  0.000205463  -0.00704045  -0.0096323  0.0408539  
-9.1621e-05  0.000106209  1.65436e-24  -0.00964643  -0.00962854  -0.0323456  
0.000283587  0.000210374  0  0.00189491  -0.012458  0.0246904  
0.000168753  0.000167594  0.000193223  -0.00542398  0.0272032  0.00971035  
0.000473521  -0.000119445  0.000195321  -0.000322197  -0.0367969  0.0579546  
0.000277468  -0.000119445  0.000554934  0.00445791  0.0149458  0.0309142  
0.000572628  -0.000119445  0.000283067  0.00410724  -0.0328371  0.030924  
0.000473521  -0.000119445  0.000694762  0.00769268  -0.00962146  -0.00606754  
0.000473521  -0.000579963  0.000141173  0.00772597  -0.00962755  0.0388853  
0.000593005  -0.000301542  0.000589845  0.00769652  -0.00961714  0.0388867  
0.000305575  -0.000579963  0.000497242  0.00327959  0.00532211  0.0388794  
0.00101297  -0.000633671  0.000141173  0.00772528  -0.00963443  0.0076307  
0.00024945  -0.000112973  0.000391173  -0.0104348  -0.00554103  0.0323356  
0.00073971  -3.36236e-05  0.000141173  -0.0106938  -0.0261871  0.005109  
0.00024945  0.00049586  0.000141173  0.0041571  0.0337247  0.00180178  
0.000768878  0.000401062  0.000141173  0.00774822  -0.0143593  -0.0189219  
0.000193088  0.000556097  0.000141173  0.00367274  0.0324149  -0.0257193  
0.000675615  0.000282254  0.000579044  0.00774615  -0.0140265  0.00295433  
0.000202388  0.000462756  0.000389999  -0.00259721  0.0355675  -0.0433066  
0.000166981  0.000462756  0.000701611  -0.0029075  -0.00631458  -0.0183602  
-0.000439284  0.000462756  0.000456667  0.00778657  0.0427066  -0.0587286  
0.000510754  0.000462756  0.000454026  0.00782707  -0.0458993  -0.00469037  
-0.000470933  0.000462756  0.000454026  -0.000624225  0.0385597  -0.0248569  
0.00105301  -8.79833e-05  0.000454026  0.00783645  -0.0290761  0.0210232  
-0.000224131  -8.79833e-05  2.56092e-05  0.0363006  0.0192138  -0.025444  
0.000902031  -0.000202903  8.70818e-05  0.0444808  -0.0237454  -0.0496599  
0.000902031  -8.79833e-05  0.000172055  0.0444503  0.0158454  -0.193298  
-0.000172977  -5.77663e-05  -0.000134969  0.0214601  -0.0517328  0.0810054  
-0.000465555  -0.00017892  0.000107371  0.0443964  -0.00964564  0.00826984  
0.000192926  -0.00017892  -0.000134969  0.0289889  -0.061311  0.0224571  
-0.00121723  -0.00017892  0.000544626  0.00462385  -0.0686936  -0.00808893  
-0.000908815  -0.00017892  3.84419e-05  0.0223252  -0.0613262  -0.0119755  
-0.00113764  -0.00042892  -0.000134969  0.0199098  -0.0131965  -0.0158169  
-5.78252e-05  -0.00017892  -0.000134969  0.0192091  -0.0772749  0.0151121  
-0.00104711  -0.000665149  -0.000134969  0.0138373  -0.0166664  0.0150785  
-0.000147226  -0.00017892  -0.000134969  0.0103936  -0.0656962  0.0151427  
-0.00103593  0.0004394  -0.000255692  0.0208073  -0.00891836  -0.0197902  
-0.000150202  0.000251514  -0.000134969  0.0158686  -0.0674077  0.0152104  
-0.00117367  0.00030724  -0.000194628  0.0246849  -0.0227964  -0.00796531  
-0.000241517  0.00030724  -0.000134969  0.00463489  -0.0743889  0.035995  
-0.000930074  -0.00010859  -0.000441075  0.00238053  -0.000787117  0.00743303  
-0.000227311  1.58338e-05  -0.000115602  0.00464259  -0.0745844  0.0443377  
-0.00123767  -0.00010859  -7.17041e-05  0.00747319  -0.0207785  -0.00537026  
-0.000816848  -0.000124937  -7.17041e-05  0.014604  -0.0806266  -0.0188293  
-0.00159622  -8.0196e-05  -1.99176e-05  0.00460523  -0.0239906  -0.040944  
-0.000681237  0.000307243  -7.17041e-05  -0.0206107  -0.0827317  0.0442707  
-0.00121577  0.000399517  -7.17041e-05  -0.0230133  -0.0377087  0.0162837  
-0.000218  -3.2396e-05  -7.17041e-05  -0.0230056  -0.0709845  0.0697955  
-0.00137161  -0.000233785  -0.000258061  -0.0229937  -0.0351803  0.0144142  
-0.000812205  -0.000233785  -7.17041e-05  -0.00817416  -0.0802789  0.00856225  
-0.000969632  -0.000233785  -7.17041e-05  -0.00306758  -0.0401423  0.0200729  
-0.000969632  -0.000233785  -0.00051811  -0.0121269  -0.0582247  0.0397573  
-0.000903339  -0.000233785  -0.00023878  0.00915624  -0.0582151  -0.00483424  
-0.00157358  -0.000233785  -7.17041e-05  -0.015036  -0.0497413  -0.0186848  
-0.000586035  -0.000239165  2.48787e-05  0.000338466  -0.0775344  -0.0498944  
-0.00178256  -1.32301e-05  -7.17041e-05  -0.0104816  -0.0249839  -0.0473699  
-0.00091296  -0.000437089  -7.17041e-05  -0.00678866  -0.0481442  -0.0500018  
-0.00091296  -0.000437089  -7.17041e-05  -0.0230286  -0.029564  -0.000421617  
-0.00091296  -0.000437089  -7.17041e-05  -0.0230286  -0.029564  -0.010074  
-0.00091296  -0.000607379  -7.17041e-05  -0.00700465  -0.0604518  0.00629068  
-0.000142442  -1.81565e-05  5.75092e-05  -0.000553763  -0.0844242  -0.068449  
-0.000541029  3.78824e-05  -7.17041e-05  -0.00560506  -0.047835  -0.0471127  
-0.000533907  0.000207351  -7.17041e-05  -0.000155077  -0.0179191  -0.0742441  
-0.000787355  0.000123075  -7.17041e-05  -0.00248315  -0.0432837  -0.0181389  
-0.000441666  -1.81565e-05  -7.17041e-05  0.00800958  -0.0332826  -0.0326378  
-0.000732015  -8.58721e-05  -7.17041e-05  -0.0135217  -0.0380904  -0.00719012  
-0.000342547  1.09134e-05  7.86184e-05  -0.0128874  -0.0332762  -0.0520396  
-0.000815296  1.59891e-05  0.000155966  -0.0229764  -0.0332543  -0.0308255  
-0.000447208  0.000465688  -7.17041e-05  -0.00555514  -0.0332884  -0.0768238  
-0.000393538  -0.000119638  -0.000659988  -0.0398902  -0.0175199  -0.0308997  
0.00020089  -0.000373374  6.39114e-06  -0.00105086  -0.0333485  -0.0485244  
0.000924154  -0.00048409  -0.000166518  1.94941e-05  -0.0434287  -0.0881401  
-0.000275178  -0.000546196  7.57191e-05  0.0135543  0.056172  -0.0774942  
0.000142681  -0.000610703  -8.44624e-05  0.0135442  -0.0294409  -0.0564764  
-0.000118841  -0.00048409  -0.000159753  0.00345594  0.0303723  -0.0801567  
-0.000370804  -0.000923213  -0.000159753  0.0135244  -0.0238237  -0.041883  
-0.000118841  -0.00079365  -6.96543e-05  0.0135031  -0.0238248  -0.0726702  
-0.000671934  -0.000695463  -0.000147896  0.0134836  0.00605658  -0.0763061  
-0.000349769  -0.00127197  -0.000147896  0.0319538  -0.0150017  -0.134358  
-0.00107034  -0.00106583  -0.000230358  0.0400966  0.0343336  -0.175749  
-0.000153112  -0.00118208  -0.000147896  0.0374925  -0.0229195  -0.162881  
-0.000794664  -0.00104875  -0.00029425  0.0310067  0.0393878  -0.166665  
