0.0077069  -0.00184414  -6.2483e-06  0.114776  0.0524039  -0.800791  
0.00758602  -0.00181159  0.000270421  0.111677  -0.0342137  -0.751325  
0.0066053  -0.00156249  0.000260019  0.111748  0.0362615  -0.734482  
0.00600787  -0.0012283  0.000260019  0.103875  -0.0538566  -0.67944  
0.00514699  -0.00106119  0.000431809  0.0949561  -0.0496621  -0.634571  
0.00385729  -0.000597929  0.000147878  0.0766701  -0.0794097  -0.57805  
0.00271621  -0.00065876  0.000117499  0.0749832  -0.169847  -0.532154  
0.00223967  -0.000487201  3.34945e-05  0.0799828  -0.132113  -0.490155  
0.00228753  -8.35316e-05  0.000396338  0.0750349  -0.213545  -0.456458  
0.00211473  -0.000427814  0.000114895  0.0701125  -0.144015  -0.450691  
0.00199021  -0.00058692  0.000114895  0.0750295  -0.214394  -0.414566  
0.00121961  -0.000638901  0.000114895  0.0699122  -0.234549  -0.387536  
0.000790822  -0.000252856  0.000114895  0.0751012  -0.234611  -0.371202  
0.000718156  -0.000106893  0.000114895  0.0497584  -0.283489  -0.328604  
0.000535015  -3.06777e-05  0.000114895  0.0497886  -0.218939  -0.328611  
0.000432386  0.000227743  0.000114895  0.0445056  -0.267671  -0.310913  
0.000170273  0.000237967  0.000114895  0.0403872  -0.245096  -0.29311  
-0.000421533  0.000298427  3.10346e-06  0.0419363  -0.269065  -0.269048  
-0.00052314  0.000298427  0.000147433  0.0460335  -0.298408  -0.229152  
-0.000560743  0.000298427  1.05675e-05  0.0440402  -0.202146  -0.238402  
-0.00106409  0.000298427  1.05675e-05  0.0541249  -0.304273  -0.197517  
-0.000911931  0.000523605  1.05675e-05  0.0531217  -0.282404  -0.225879  
-0.000557085  -6.50904e-05  1.05675e-05  0.0265597  -0.292579  -0.195667  
-0.00095152  0.000343402  1.05675e-05  0.0424067  -0.249997  -0.189411  
-0.000754212  0.000437526  1.05675e-05  0.0345677  -0.265505  -0.185824  
-0.000656989  0.000437527  -1.59003e-05  0.0366231  -0.254874  -0.20585  
-0.00069088  0.000330425  3.68955e-05  0.026571  -0.21737  -0.20438  
-0.000964725  0.000386703  3.68955e-05  0.0265793  -0.227248  -0.201079  
-0.00153168  0.000696079  -0.000399137  0.00770687  -0.196688  -0.172269  
-0.0013179  0.000876728  -2.39697e-05  0.0201335  -0.248802  -0.159939  
-0.00227151  0.000337057  0.000390941  0.0598126  -0.220413  -0.16534  
-0.00187597  0.00044337  0.000419059  0.063318  -0.294647  -0.1525  
-0.00203152  0.000108822  0.00027626  0.041791  -0.183677  -0.151305  
-0.00156998  0.00044337  0.000341034  0.0476426  -0.231876  -0.16306  
-0.00185331  0.000288684  0.00027626  0.0517937  -0.15665  -0.176286  
-0.00106024  0.000385062  0.000570147  0.041757  -0.195953  -0.172692  
-0.000751796  0.000357363  0.00027626  0.0418099  -0.106607  -0.146474  
-0.00129369  0.000342447  0.000813945  0.0330754  -0.153968  -0.146577  
-0.00135353  0.00044337  0.000743506  0.0224592  -0.152398  -0.132597  
-0.000999251  0.000610916  7.83351e-05  0.00564987  -0.150256  -0.110027  
-0.000751796  0.00044337  0.000567628  0.00340476  -0.131603  -0.139038  
-0.00112572  0.00044337  0.000567629  -0.00849492  -0.131577  -0.125339  
-0.000982283  0.000328263  0.000567628  -0.0085045  -0.131584  -0.127342  
-0.00151889  0.00044337  -0.000107041  -0.00845179  -0.0929758  -0.12869  
-0.000974897  0.00044337  5.88961e-05  -0.0220189  -0.162047  -0.103668  
-0.00127787  0.000233499  -0.000457893  -0.0259123  -0.0772792  -0.103641  
-0.000939496  0.00044337  0.000116953  -0.0259301  -0.148649  -0.0478785  
-0.00184876  0.00044337  0.000116953  -0.0259301  -0.104675  -0.0139058  
-0.00169884  0.00044337  0.000272764  0.00534434  -0.131606  -0.0089311  
-0.00185555  0.00044337  0.000200818  0.00719335  -0.13764  0.00922923  
-0.00217706  0.00044337  -7.20793e-05  -0.0259092  -0.140808  0.0159975  
-0.00182735  0.000545138  0.000453826  -0.0170247  -0.156214  0.0382703  
-0.00207605  0.00044337  0.000164763  0.0313017  -0.133205  -0.00657903  
-0.00119568  0.000784686  0.000239975  0.0147758  -0.174924  0.00933971  
-0.00179081  0.000529517  1.05858e-05  0.00865602  -0.124159  0.0201127  
-0.000602807  0.000400209  0.000272558  -0.0259315  -0.141439  0.0656879  
-0.0011124  0.000982644  0.000329181  -0.0114765  -0.0918935  0.0280258  
-0.00032317  0.000753781  0.000329181  -0.0259748  -0.143887  0.0281102  
-0.00116832  0.000215162  0.000329181  -0.0259643  -0.0840244  0.028071  
4.46435e-05  0.000303332  0.000329181  -0.0259641  -0.106043  0.0425042  
-0.000790703  0.00106661  0.000329181  -0.0120967  -0.0657661  0.021032  
-4.74209e-05  0.000114161  -0.000132942  -0.0282375  -0.0722898  0.0281827  
-4.55555e-05  -0.00020326  -0.000132942  -0.0359084  -0.106415  0.0725643  
-0.000788769  0.000389746  -0.000132942  -0.0460704  -0.0641844  0.0404738  
0.000104575  0.000256354  0.00010649  -0.0399679  -0.103764  -0.0196387  
-0.000799888  0.000432883  -3.54059e-05  -0.0328304  -0.0502511  0.0167974  
-0.000239446  0.000256354  0.000508328  -0.000270937  -0.108044  0.0810021  
-0.000375362  0.000363621  -5.37763e-05  -0.0310336  -0.0265202  0.0651765  
0.000343404  0.000305357  -6.13796e-05  -0.0422182  -0.0699819  0.0596429  
2.42697e-06  5.95577e-05  -0.000133632  -0.0461139  0.0594192  0.0517609  
0.000213302  5.95577e-05  0.000325796  -0.0287914  -0.0400966  0.0720114  
0.000117493  0.000168922  5.17954e-05  -0.0330301  0.0793869  0.0617875  
0.000664567  0.000499314  0.000129483  -0.0461519  0.0427939  0.0617852  
0.000228991  -0.000153656  0.000250429  0.0312848  0.0648308  0.0605067  
0.000311265  0.000467337  0.000765137  -0.00277806  0.0648355  0.0877821  
0.00076412  0.000325809  0.000500429  -0.00276874  0.0778811  0.0805507  
0.000497429  -0.000400077  -0.000232465  -0.00279386  0.0962683  0.086781  
0.000559045  -0.00040041  0.000250429  0.0253387  0.044278  0.0906351  
0.000260867  -0.000272549  -0.000378366  0.012868  0.0996469  0.101756  
0.00120046  7.156e-05  0.000619373  0.0264056  0.049758  0.0513809  
0.000944906  -0.00040041  4.47907e-05  0.0396422  0.116657  0.0654667  
0.00103765  -0.000133787  0.000101308  0.0496358  0.0603779  0.0893529  
0.000541047  -0.00040041  4.47907e-05  0.0531319  0.109965  0.108843  
0.000911501  -0.00040041  0.000264023  0.0568387  0.0727585  0.1088  
0.000776683  7.00683e-06  4.47907e-05  0.063709  0.0995228  0.0988535  
0.000776683  -0.00040041  4.47907e-05  0.0496422  0.0669236  0.0988203  
0.000413055  -0.000157754  4.47907e-05  0.0634017  0.071759  0.0988766  
0.000471425  -0.000142202  0.000234277  0.0619341  0.07173  0.126172  
0.000776683  -0.00040041  0.000116441  0.0632704  0.0658451  0.130655  
0.000196827  -0.000393946  0.000425299  0.0931505  0.111885  0.112972  
0.00150719  0.000113658  0.000466983  0.0964793  0.0672428  0.0550569  
0.000408178  -0.000372988  0.000321737  0.0800296  0.12715  0.0942535  
0.000667186  -0.000143462  0.000188331  0.0514648  0.0557081  0.140266  
0.000535306  -0.000312319  -3.12406e-05  0.0514569  0.0982144  0.165026  
0.000753498  -0.00019107  0.000155203  0.0414138  0.0743644  0.173358  
0.000903893  -0.000129563  -3.12406e-05  0.0315173  0.1097  0.159357  
0.0011253  -8.23617e-05  -3.12406e-05  0.0362972  0.0672326  0.163899  
0.000978548  0.000156073  0.000230671  0.0452186  0.10437  0.156381  
0.00139655  0.000150205  -3.12406e-05  0.0448149  0.104423  0.14211  
0.00126663  0.000129393  7.85107e-05  0.049816  0.13141  0.13414  
0.00191543  -0.000312319  0.000466667  0.0681907  0.142611  0.109917  
0.00191995  0.00011716  0.000395078  0.0488572  0.191792  0.114785  
0.0022698  0.00011716  0.000237029  0.0452528  0.191815  0.114701  
0.00172015  -0.000206585  0.000237029  0.045262  0.225527  0.083645  
0.00233405  0.00011716  0.000237029  0.0492157  0.164083  0.0629903  
0.00217596  -0.000209889  0.000237029  0.028639  0.232071  0.0456123  
0.0019775  -0.000362481  4.16604e-05  0.0218834  0.164435  0.0664112  
0.00169733  -0.000362481  -0.000318018  0.0211672  0.217733  0.0708606  
0.00149108  -0.000362481  -0.000318018  -0.0031278  0.168726  0.119489  
0.000874578  -0.000362481  -0.000318018  -0.0196538  0.215603  0.109874  
0.00139403  -0.000137451  -0.000318018  -0.0405617  0.173999  0.137773  
0.00135223  -0.000197468  -0.000318018  -0.0358836  0.224356  0.123187  
0.00187224  -0.000379233  -0.000318018  -0.03622  0.147959  0.113143  
0.000828457  8.62976e-05  -0.000582709  -0.0273415  0.198203  0.0922186  
0.00154166  0.000151888  -0.000242325  -0.0273049  0.135385  0.0718967  
0.000929306  -0.000155837  -0.000769476  -0.0273683  0.198069  0.0714226  
0.0017798  5.39379e-05  -0.000280847  -0.0272998  0.139879  0.0920671  
0.00107679  -0.000155837  -0.000769476  -0.0273683  0.222658  0.0922405  
0.0019435  -3.03378e-07  -0.000362418  -0.0478449  0.157681  0.0879017  
0.00207889  -0.000168872  -0.000769476  -0.0447318  0.22928  0.0219771  
0.00265864  -0.000163284  -0.000574444  -0.0546955  0.171396  0.0336059  
0.00134369  -0.000147668  -0.000537214  -0.0446905  0.225381  0.0633114  
0.00193064  4.57714e-05  -0.000382198  -0.0514902  0.162067  0.0767427  
0.00165606  -0.000147668  -0.000477399  -0.052621  0.244429  0.0768495  
0.00175374  -0.000259  -0.000346659  -0.0479192  0.171925  0.0738695  
0.00188619  -0.000560318  -0.000769476  -0.0447247  0.241626  0.0297006  
0.00220432  -8.97749e-05  -0.000446492  -0.0546824  0.171502  0.0296831  
0.00158206  -4.69595e-05  -0.000769476  -0.0615083  0.217229  0.0367012  
0.00224686  -9.88594e-05  -0.000516399  -0.044686  0.15932  0.0129229  
0.00199566  4.25723e-05  -0.000769476  -0.0447498  0.218132  0.0297359  
0.00235217  -0.00042329  -0.000504638  -0.0558598  0.166885  0.0297964  
0.00181596  -0.000148113  -0.000769476  -0.0447259  0.236506  -0.00154372  
0.00215825  0.000124598  -0.000653075  -0.0363441  0.157011  0.00754897  
0.00168622  -0.000344279  -0.000769476  -0.0447354  0.235599  0.0350993  
0.00265416  -0.000590719  -0.00101808  -0.0275116  0.200372  0.023229  
